--Class 0-- 
Mean: [ 7.8926573 11.1139765 13.628266  14.064634   0.         0.
  8.253702  10.182432  11.409913  13.829224   0.        10.441299
  7.1419067  0.         6.7340856 16.269968   0.         8.127862
  9.00148   12.658729   0.        10.584664  10.2471075  8.937068
  0.        12.871892   7.452926   8.722109  12.970086  13.885657
 11.579718   9.121136 ], 
Std: [3.0590477 2.787882  3.8898516 2.686495  0.        0.        2.4691966
 2.5741944 3.0637445 3.8311157 0.        2.1980152 2.3482523 0.
 1.8295115 3.5837483 0.        2.5778844 2.6807284 2.4163346 0.
 2.6389558 3.7321455 3.0831199 0.        3.8006468 2.621741  2.6032035
 2.1736772 4.1204977 2.970622  3.813782 ]

--Class 1-- 
Mean: [ 8.728878  10.284298  11.446869   9.951451   0.         0.
  7.6601872  7.869169   8.029085  11.441222   0.         9.610257
  9.980163   0.         5.1959925 10.186193   0.         6.4409595
  8.122125  13.5029745  0.        10.201641   9.33937    9.098562
  0.         7.5747747  5.495413   6.3139997  9.762038   9.660282
  9.819323  10.759677 ], 
Std: [2.545062  2.460129  3.5988758 4.492895  0.        0.        2.8509226
 2.8749197 4.2188945 3.8886957 0.        2.1355083 3.235202  0.
 2.2222044 6.478168  0.        3.4819272 4.116251  2.340084  0.
 2.6321561 2.9207091 3.0349689 0.        5.726095  2.7707272 3.151128
 3.5015101 5.042763  3.0001705 3.69208  ]

--Class 2-- 
Mean: [ 8.673748  10.298854  11.348259   8.735122   0.         0.
  7.711276   8.013418   8.65937   10.821159   0.         8.309659
 10.761562   0.         6.1501107 10.897664   0.         7.6309896
  7.790066  12.943579   0.         8.963412  10.037987   8.8317175
  0.         7.9802427  5.4302316  7.035814   9.981251  10.393565
  9.48188   11.559235 ], 
Std: [2.5596273 2.7840028 3.278369  4.297113  0.        0.        2.8368738
 2.6961825 4.0972943 3.7401807 0.        2.9493542 3.646069  0.
 2.5580754 5.837581  0.        3.7601588 3.8116152 2.8900707 0.
 3.2380261 3.1183987 3.0352302 0.        4.9343514 2.6265981 3.180513
 3.7539635 4.6921997 2.9214168 3.8552194]

--Class 3-- 
Mean: [ 8.491911  10.49064   11.095304   9.513104   0.         0.
  7.2415447  7.8745775  8.565463  10.625813   0.         8.037495
 10.822315   0.         6.7748947 10.243657   0.         8.587762
  7.5793896 12.889587   0.         9.340302   9.648341   8.840342
  0.         8.000445   5.6110563  7.2955227  9.952391  11.492944
  9.109758  11.338767 ], 
Std: [2.5292826 2.9377797 3.2744284 4.2470922 0.        0.        2.8190608
 2.761514  3.8547773 3.6154203 0.        2.8981357 3.4460676 0.
 2.6909578 5.5499773 0.        4.086755  3.6291764 2.9329233 0.
 3.2026987 3.1552343 2.9684954 0.        4.490054  2.6317534 3.044255
 3.574666  4.9049873 2.994986  3.8014922]

--Class 4-- 
Mean: [ 8.5567045 10.666502   9.977272   9.3000765  0.         0.
  7.018055   8.184652   8.399541  10.221965   0.         8.558831
 10.454693   0.         6.5676646 10.2837305  0.         8.6486025
  7.9680076 11.991935   0.         9.297076   9.195775   9.466146
  0.         7.7980494  6.0336585  7.129356  10.627232  10.594925
  8.5782795 11.738585 ], 
Std: [2.505089  2.989859  3.8485088 3.9953413 0.        0.        2.8757358
 2.7440495 3.8333585 3.490221  0.        2.995709  3.3845992 0.
 2.689474  5.232429  0.        3.9353514 3.563158  3.5949824 0.
 3.1519825 3.2974703 3.2988324 0.        4.217909  2.8091872 2.9350903
 3.8113756 5.0356703 3.0594606 3.7704787]

--Class 5-- 
Mean: [ 8.639726  10.882297  10.151069   9.693319   0.         0.
  7.2610574  8.333611   8.620826  10.055578   0.         8.618621
 10.381083   0.         6.545586  10.297214   0.         8.88605
  8.36636   12.157566   0.         9.642269   9.132455   9.6517725
  0.         7.9823203  6.1363215  7.2290826 10.383663  10.83332
  8.338556  11.333722 ], 
Std: [2.4529853 3.1270704 3.828813  4.0334053 0.        0.        2.9641316
 2.873555  3.8184292 3.499281  0.        3.0893826 3.272793  0.
 2.6450279 4.9856963 0.        3.9565048 3.670759  3.5895367 0.
 3.450233  3.2424905 3.396897  0.        4.0797963 2.744545  2.8376734
 3.8492844 5.065936  3.0741236 3.8065343]

--Class 6-- 
Mean: [ 8.892684  10.553206  10.335352   9.421497   0.         0.
  7.0833106  9.041261   8.978187  10.449647   0.         8.859256
 10.376638   0.         6.331948  10.506287   0.         8.856628
  8.588932  12.235682   0.        10.040379   9.235443   9.571256
  0.         8.505551   6.0068355  7.1847053 10.855967  10.486106
  8.268999  11.832445 ], 
Std: [2.5976083 3.4415815 3.760818  3.9361007 0.        0.        2.9231706
 3.3784697 3.821195  3.7227757 0.        3.0817506 3.1573083 0.
 2.6481287 4.885372  0.        3.9264627 3.5715277 3.511758  0.
 3.5212085 3.2313707 3.3405488 0.        4.1393156 2.8053577 2.7353752
 3.9693544 4.8718314 2.992439  3.892577 ]

--Class 7-- 
Mean: [ 9.055478  10.375834   9.882852   9.738303   0.         0.
  7.6743565  8.423413   8.662596  10.050409   0.         9.142753
 10.219123   0.         6.5610228 10.174644   0.         8.839105
  8.502643  11.73871    0.        10.001786   9.170739   9.780836
  0.         8.476824   6.583997   7.2757254 10.561515  10.000927
  8.344475  12.128345 ], 
Std: [2.6313725 3.3955922 3.7555957 3.882985  0.        0.        3.3369071
 3.5622015 3.8074346 3.7200603 0.        3.1181552 3.1788583 0.
 2.7389882 4.706178  0.        3.731265  3.4845123 3.697082  0.
 3.3890436 3.1919398 3.3133843 0.        3.9580946 3.104797  2.8092163
 3.8599348 4.82384   2.9843054 3.9027317]

--Class 8-- 
Mean: [ 9.096897  10.486506   9.446682   9.7619     0.         0.
  7.664907   8.487539   8.573913   9.761087   0.         9.075685
 10.450597   0.         6.521498  10.167702   0.         8.911398
  8.581795  11.853876   0.        10.153726   9.456427   9.705683
  0.         8.473847   6.3519993  7.5240135 10.295784  10.065703
  8.437518  11.877925 ], 
Std: [2.6485095 3.3817883 3.8519855 3.8085341 0.        0.        3.2733347
 3.492527  3.7869842 3.7496123 0.        3.047692  3.173854  0.
 2.6968062 4.5541043 0.        3.684565  3.3909578 3.716978  0.
 3.3975315 3.2699332 3.2521806 0.        3.8327496 3.0922065 2.86876
 3.8791797 4.773634  3.0086248 3.8936446]

--Class 9-- 
Mean: [ 9.099574  10.804759   9.010629   9.842294   0.         0.
  7.657693   8.37499    8.54824    9.660988   0.         9.365722
 10.351858   0.         6.524131  10.034597   0.         8.829026
  8.723626  11.452976   0.        10.340128   9.385054   9.755001
  0.         8.416172   6.4891253  7.5614514 10.454034   9.767148
  8.412807  12.124874 ], 
Std: [2.5905006 3.452487  3.967218  3.7217193 0.        0.        3.2082977
 3.4496384 3.6813393 3.633771  0.        3.1271944 3.1262088 0.
 2.6437645 4.431143  0.        3.5966055 3.3747067 3.8715358 0.
 3.3836985 3.2642107 3.2083926 0.        3.694019  3.0557232 2.8371558
 3.8431466 4.798353  2.9737613 3.9403865]

